단어,원형성,친숙성,쾌-불쾌,활성화
가뜬하다,3.37,3.26,4.51,3.8
감개,3.78,3.45,4.96,4.24
감복하다,3.46,3.12,4.63,4.59
감홍,3.48,3.25,4.59,4.21
개탄하다,3.35,3.08,2.33,5.18
경애하다,3.88,3.49,4.9,4.06
노엽다,3.4,3.38,2.48,5.32
경탄하다,3.76,3.16,3.99,5.35
고무되다,3.92,3.61,4.73,4.16
구슬프다,3.89,3.61,2.8,3.74
머쓱하다,3.92,3.61,3.17,3.29
비탄하다,3.49,2.92,2.12,5.03
비통하다,3.7,3.49,1.8,5.1
모멸,3.34,3.37,1.34,5.62
아리다,3.45,3.15,3.36,3.72
아연실색하다,3.5,3.34,2.65,4.75
애,3.35,3.48,4.63,3.99
애닯다,3.68,3.56,3.14,3.88
애련,3.5,3.38,3.49,4.01
애잔하다,3.87,3.39,3.44,3.02
애환,3.5,3.59,2.99,3.81
연모하다,3.68,3.48,4.45,4.07
환멸,3.49,3.34,1.71,5.62
황송하다,3.63,3.58,4.07,4.18
흥취,3.4,3.07,4.71,5.08
희,3.65,3.22,5.21,4.61
의아하다,3.31,3.45,3.3,4.1
절절하다,3.36,3.15,2.69,4.15
통탄하다,3.62,3.16,1.83,5.36
한스럽다,3.92,3.61,2.27,4.13
