단어,원형성,친숙성,쾌-불쾌,활성화
가련하다,3.92,3.87,3.11,3.17
가책,3.45,4.13,2.55,4.21
감개무량하다,4.29,3.9,4.97,4.83
감명,4.06,4.24,5.28,4.01
감회,3.95,4.05,4.67,3.98
격노하다,3.8,3.7,1.98,5.89
격동되다,4.05,3.82,4.11,5.92
격정,3.83,3.72,3.57,5.6
격하다,3.94,3.87,2.7,5.41
겸연쩍다,3.93,3.86,3.04,3.46
경악하다,3.98,4.13,2.15,6.03
경외하다,3.91,3.94,4.34,3.83
께름직하다,3.82,3.93,2.39,3.6
낙,4.05,4.03,5.39,4.08
낙심하다,3.76,4.01,2.17,3.2
남부끄럽다,3.84,4.21,2.66,4.39
노발대발,3.85,3.94,2.1,6.37
노심초사하다,3.92,4.21,2.39,4.99
노파심,3.39,4.18,3.05,4.4
고뇌하다,3.54,4.08,2.71,3.72
고립감,3.52,4.13,2.08,3.28
골나다,3.5,3.92,2.25,5.25
공허하다,4.03,3.94,2.73,2.55
교감하다,4.37,4.22,5.43,4.41
굴욕,3.71,4.1,1.77,5.28
권태롭다,3.89,3.99,2.67,2.81
기고만장하다,3.73,4.18,3.5,5.52
떨떠름하다,3.67,3.83,2.67,3.02
떫다,3.5,3.96,2.48,4.12
망연자실하다,3.63,3.64,2.16,3.83
노하다,3.91,3.86,2.16,5.76
달가워하다,4.4,4.18,4.63,3.99
번민하다,3.6,3.82,2.48,3.47
분개하다,4.12,4.11,2.22,5.63
분통,3.66,3.95,1.93,5.51
비련,3.51,3.73,2.75,3.58
비애,3.66,3.97,2.71,4.41
비장하다,4.22,4.23,3.36,5.22
뼈아프다,3.49,3.74,2.24,5.16
뾰로통하다,3.72,3.73,2.71,3.75
무색하다,3.5,4.1,2.98,2.79
숙연하다,3.48,3.63,3.6,2.94
심통,3.59,3.82,3.42,4.67
아련하다,4.32,4.13,4.03,3.11
안달복달하다,3.4,3.68,2.75,5.61
안달하다,3.81,4.21,2.52,4.93
애끓다,4.02,3.82,2.94,5.33
애달프다,4.21,4.17,2.95,4.02
애도하다,3.74,4.16,2.96,3.32
애수,3.71,3.63,3.93,3.69
울분,3.97,4.13,2.37,5.74
울화,3.4,3.92,1.87,5.51
울화통,3.75,4.14,1.29,5.93
원통하다,4.05,4.15,1.85,5.22
신명나다,4.7,4.15,5.61,5.36
애처럽다,3.88,4.01,3.01,3.66
애통하다,3.87,3.9,2.07,4.83
역정,3.34,3.72,3.02,5.18
연정,3.97,4.05,4.92,3.63
영예롭다,3.87,3.89,5.26,4.62
온정,4.01,4.02,5.11,3.09
우수,3.69,3.77,4.28,3.38
정욕,3.56,4.09,3.72,5.91
조바심,4.04,4.24,2.8,5.21
죄스럽다,3.66,3.71,2.2,3.94
질겁하다,3.45,3.74,2.45,5.41
혼비백산하다,3.44,3.79,2.32,5.98
황공하다,3.51,3.67,4.25,4.57
흠모하다,4.13,4.11,4.94,4.34
희비,3.76,4.08,3.8,4.61
희희낙락하다,4.16,4.17,4.71,4.8
위압감,3.62,4.08,2.32,4.98
위축감,3.32,3.73,2.55,3.67
위화감,3.38,3.92,2.65,4.56
자긍,3.94,3.97,5.37,4.48
자족하다,4.01,3.97,5.11,3.89
적적하다,3.89,3.69,2.94,3.35
전전긍긍,3.34,4.13,2.7,4.39
치떨리다,3.77,4.0,1.8,5.62
친애하다,3.95,4.22,4.96,4.04
침울하다,3.67,4.03,2.03,2.85
침통하다,3.74,3.73,1.97,4.41
켕기다,3.66,4.05,2.59,4.49
한탄하다,3.78,3.74,2.02,5.06
